{
  "cells": [
    {
      "cell_type": "markdown",
      "metadata": {
        "id": "WNAbsq9rjD6m"
      },
      "source": [
        "## 多項式最適化\n",
        "\n",
        "\n",
        "$\n",
        " POP:\n",
        "  \\begin{cases}\n",
        "    \\min_{\\mathbf{x}} f_0(\\mathbf{x}) \\\\\n",
        "    \\text{s.t. } f_i(\\mathbf{x}) \\geq 0  &(i=1,2,...,m)   \n",
        "  \\end{cases}\n",
        "$\n",
        "- $m$変数ベクトル: $\\mathbf{x}=(x_1, x_2,...,x_n)$\n",
        "- $f_i(\\mathbf{x})$: 多項式\n",
        "\n",
        "\n",
        "単項式:\n",
        "- $\\mathbf{x}^{\\alpha}$ ($\\alpha \\in \\mathbb{Z}^n$)\n",
        " - 例：$\\mathbf{x}=(x_1, x_2), \\alpha=(2,3)$とすると$\\mathbf{x}^{\\alpha}=x_1^2x_2^3$\n",
        "\n",
        "\n",
        "単項式ベクトル:\n",
        "- $u_d(\\mathbf{x}) \\triangleq (\\text{d次以下の単項式 })$\n",
        " - ${}_{n+d} C_d$次元ベクトル($n$個の変数を$d$分割する/$d$個の次数を$n$分割する)\n",
        " - 例：$\\mathbf{x}=(x_1, x_2), d=2$とすると$u_2(\\mathbf{x})=(1,x_1,x_2,x_1^2, x_1x_2, x_2^2)^T$\n",
        "\n",
        "多項式の表現：\n",
        "- $f(\\mathbf{x}) \\triangleq \\sum_\\alpha f_{\\alpha}\\mathbf{x}^{\\alpha}$\n",
        " - $f_{\\alpha}$: $\\alpha$の単項式に対応する係数\n",
        "\n",
        "多項式のサポート(項の数)\n",
        "- $supp(f) \\triangleq \\{ \\alpha : f_\\alpha \\neq 0 \\}$\n",
        "\n",
        "多項式の次数（最高次数）\n",
        "- $deg(f) \\triangleq \\max\\{ \\sum_j \\alpha_j : \\alpha \\in supp(f) \\}$\n",
        "\n",
        "モーメント行列\n",
        "- $M_d(x) \\equiv u_d(x) u_d(x)^T$\n",
        "- 定義よりすべてのxで半正定値\n",
        "- ${}_{n+d} C_d \\times {}_{n+d} C_d$ 行列\n",
        "\n",
        "$r_i \\triangleq \\lceil deg(f_i)/2\\rceil$\n",
        "\n",
        "$r  \\geq \\max{r_0, r_1, ...r_m}$\n",
        "\n",
        "$L_i(\\mathbf{x}) \\triangleq M_{r-r_i}(\\mathbf{x}) \\cdot f_i(\\mathbf{x})$\n",
        "- 要素積\n",
        "\n",
        "$\n",
        " PSDP_r:\n",
        "  \\begin{cases}\n",
        "    \\min_{\\mathbf{x}} f_0(\\mathbf{x}) \\\\\n",
        "    \\text{s.t. } L_i(\\mathbf{x}) \\geq 0  &(i=1,2,...,m)  \\\\\n",
        "    M_r(\\mathbf{x}) \\geq 0    \n",
        "  \\end{cases}\n",
        "$\n",
        "- $M_r(\\mathbf{x}) \\geq 0$は常に満たされる（線形化に使うのみ）\n",
        "\n",
        "\n",
        "$\n",
        " LSDP_r:\n",
        "  \\begin{cases}\n",
        "    \\min_{\\mathbf{y}} \\tilde{f}_0(\\mathbf{y}) \\\\\n",
        "    \\text{s.t. } \\tilde{L}_i(\\mathbf{y}) \\geq 0  &(i=1,2,...,m)  \\\\\n",
        "    \\tilde{M}_r(\\mathbf{y}) \\geq 0    \n",
        "  \\end{cases}\n",
        "$\n",
        "- 多項式中に現れる単項式$\\mathbf{x}^{\\alpha}$を変数$y_{\\alpha}$に置き換える\n",
        "- $\\mathbf{y}=(y_{(0,...,0)}, ..., y_{\\alpha}...)$\n",
        "- 例：$u_2(\\mathbf{x})=(1, x_1, x_2, x_1^2, x_1x_2, x_2^2)$\n",
        "- 例：$u_2(\\mathbf{y})=(y_{0,0}, y_{1,0}, y_{0,1}, y_{2,0}, y_{1,1}, y_{0,2})$\n",
        "\n",
        "- $LSDP_r$の最適値$\\leq$ $PSDP_r$/$POP_r$の最適値\n",
        "\n",
        "最適解の$\\mathbf{x}^{\\alpha}$と変数$y_{\\alpha}$\n"
      ]
    },
    {
      "cell_type": "code",
      "execution_count": null,
      "metadata": {
        "colab": {
          "base_uri": "https://localhost:8080/"
        },
        "id": "Rk_-qKjiFh_I",
        "outputId": "ca5b355e-3c08-4fd2-b683-41b9c2148518"
      },
      "outputs": [
        {
          "name": "stdout",
          "output_type": "stream",
          "text": [
            "Requirement already satisfied: cvxpy in /usr/local/lib/python3.11/dist-packages (1.6.4)\n",
            "Requirement already satisfied: osqp>=0.6.2 in /usr/local/lib/python3.11/dist-packages (from cvxpy) (0.6.7.post3)\n",
            "Requirement already satisfied: clarabel>=0.5.0 in /usr/local/lib/python3.11/dist-packages (from cvxpy) (0.10.0)\n",
            "Requirement already satisfied: scs>=3.2.4.post1 in /usr/local/lib/python3.11/dist-packages (from cvxpy) (3.2.7.post2)\n",
            "Requirement already satisfied: numpy>=1.21.6 in /usr/local/lib/python3.11/dist-packages (from cvxpy) (2.0.2)\n",
            "Requirement already satisfied: scipy>=1.11.0 in /usr/local/lib/python3.11/dist-packages (from cvxpy) (1.14.1)\n",
            "Requirement already satisfied: qdldl in /usr/local/lib/python3.11/dist-packages (from osqp>=0.6.2->cvxpy) (0.1.7.post5)\n"
          ]
        }
      ],
      "source": [
        "# ! pip install cvxpy"
      ]
    },
    {
      "cell_type": "code",
      "execution_count": null,
      "metadata": {
        "id": "w-XicnsVFjLJ"
      },
      "outputs": [],
      "source": [
        "import cvxpy\n",
        "import numpy as np\n",
        "import cvxpy as cp\n",
        "import itertools\n",
        "from cvxopt import matrix, solvers"
      ]
    },
    {
      "cell_type": "code",
      "execution_count": null,
      "metadata": {
        "colab": {
          "base_uri": "https://localhost:8080/"
        },
        "id": "vd4nA9ZX3G3T",
        "outputId": "6305a4f7-06a7-49d5-dab2-6b2574ce6623"
      },
      "outputs": [
        {
          "name": "stdout",
          "output_type": "stream",
          "text": [
            "['x_0^0', 'x_1^0']\n",
            "['x_0^0', 'x_1^1']\n",
            "['x_0^0', 'x_1^2']\n",
            "['x_0^1', 'x_1^0']\n",
            "['x_0^1', 'x_1^1']\n",
            "['x_0^2', 'x_1^0']\n"
          ]
        }
      ],
      "source": [
        "## u\n",
        "d=2\n",
        "n=2\n",
        "\n",
        "for e in itertools.combinations(list(range(d+n)),n):# d次元をn変数分割\n",
        "  idx=[e[0]]\n",
        "  for j in range(n-1):\n",
        "    k=e[j+1]-idx[-1]-1\n",
        "    idx.append(k)\n",
        "  print([ \"x_{}^{}\".format(i,ex) for i,ex in enumerate(idx)])\n"
      ]
    },
    {
      "cell_type": "code",
      "execution_count": null,
      "metadata": {
        "colab": {
          "base_uri": "https://localhost:8080/"
        },
        "id": "Pu5-mV691JBR",
        "outputId": "0028ccc2-4eb0-429e-bbf1-29a5f2ca37de"
      },
      "outputs": [
        {
          "data": {
            "text/plain": [
              "[[(0, 0), (0, 1), (0, 2), (1, 0), (1, 1), (2, 0)],\n",
              " [(0, 1), (0, 2), (0, 3), (1, 1), (1, 2), (2, 1)],\n",
              " [(0, 2), (0, 3), (0, 4), (1, 2), (1, 3), (2, 2)],\n",
              " [(1, 0), (1, 1), (1, 2), (2, 0), (2, 1), (3, 0)],\n",
              " [(1, 1), (1, 2), (1, 3), (2, 1), (2, 2), (3, 1)],\n",
              " [(2, 0), (2, 1), (2, 2), (3, 0), (3, 1), (4, 0)]]"
            ]
          },
          "execution_count": 126,
          "metadata": {},
          "output_type": "execute_result"
        }
      ],
      "source": [
        "n=2\n",
        "target_a=[(1,(0,1))]\n",
        "constraint_f1=[(1,(4,0)),(1,(0,4)),(-1,(0,0))]\n",
        "constraint_f2=[(-1,(2,0)),(1, (0,1))]\n",
        "f=[constraint_f1,constraint_f2]\n",
        "\n",
        "def get_u(n,d):\n",
        "  idx_list=[]\n",
        "  for e in itertools.combinations(list(range(d+n)),n):# d次元をn変数分割\n",
        "    idx=[e[0]]\n",
        "    for j in range(n-1):\n",
        "      k=e[j+1]-idx[-1]-1\n",
        "      idx.append(k)\n",
        "    idx_list.append(tuple(idx))\n",
        "  return idx_list\n",
        "\n",
        "def plus_alpha(t1,t2):\n",
        "  return tuple(a1+a2 for a1,a2 in zip(t1,t2))\n",
        "\n",
        "\n",
        "def get_M(u):\n",
        "  m=[[None for _ in range(len(u))] for _ in range(len(u))]\n",
        "  for i,e1 in enumerate(u):\n",
        "    for j,e2 in enumerate(u):\n",
        "      m[i][j]=plus_alpha(e1,e2)\n",
        "  return m\n",
        "\n",
        "def support(f):\n",
        "  return [a for _,a in f]\n",
        "\n",
        "def degree(f):\n",
        "  return max([sum(a) for _,a in f])\n",
        "\n",
        "def get_ri(f):\n",
        "  return int(np.ceil(degree(f)/2.0))\n",
        "\n",
        "u=get_u(2,2)\n",
        "M=get_M(u)\n",
        "M"
      ]
    },
    {
      "cell_type": "code",
      "execution_count": null,
      "metadata": {
        "colab": {
          "base_uri": "https://localhost:8080/"
        },
        "id": "yK4TaxKzAkKJ",
        "outputId": "36a2ca59-4545-4c79-dc3a-9c53bacee9b1"
      },
      "outputs": [
        {
          "data": {
            "text/plain": [
              "1"
            ]
          },
          "execution_count": 127,
          "metadata": {},
          "output_type": "execute_result"
        }
      ],
      "source": [
        "get_ri(constraint_f2)"
      ]
    },
    {
      "cell_type": "code",
      "execution_count": null,
      "metadata": {
        "colab": {
          "base_uri": "https://localhost:8080/"
        },
        "id": "TuAW_Mmw4Y_o",
        "outputId": "05b9b712-e389-422e-e452-ae3ccbd18b4a"
      },
      "outputs": [
        {
          "data": {
            "text/plain": [
              "[[[(1, (4, 0)), (1, (0, 4)), (-1, (0, 0))]]]"
            ]
          },
          "execution_count": 129,
          "metadata": {},
          "output_type": "execute_result"
        }
      ],
      "source": [
        "def get_L(n,f,r):\n",
        "  L_list=[]\n",
        "  for fi in f:\n",
        "    ri=get_ri(fi)\n",
        "    u=get_u(n,r-ri)\n",
        "    M=get_M(u)\n",
        "    L=[[None for _ in range(len(u))] for _ in range(len(u))]\n",
        "    for i in range(len(M)):\n",
        "      for j in range(len(M)):\n",
        "        #print(M[i][j],fi)\n",
        "        Li=[(ff[0],plus_alpha(ff[1],M[i][j]))  for ff in fi]\n",
        "        L[i][j]=Li\n",
        "    L_list.append(L)\n",
        "  return L_list\n",
        "r=max([get_ri(cf) for cf in f])\n",
        "L_list = get_L(n,f,r)\n",
        "L_list[0]"
      ]
    },
    {
      "cell_type": "code",
      "execution_count": null,
      "metadata": {
        "colab": {
          "base_uri": "https://localhost:8080/"
        },
        "id": "g04MHwAUEz_5",
        "outputId": "644de715-ca72-474b-9d5f-b9453cb15610"
      },
      "outputs": [
        {
          "data": {
            "text/plain": [
              "[[[(-1, (2, 0)), (1, (0, 1))],\n",
              "  [(-1, (2, 1)), (1, (0, 2))],\n",
              "  [(-1, (3, 0)), (1, (1, 1))]],\n",
              " [[(-1, (2, 1)), (1, (0, 2))],\n",
              "  [(-1, (2, 2)), (1, (0, 3))],\n",
              "  [(-1, (3, 1)), (1, (1, 2))]],\n",
              " [[(-1, (3, 0)), (1, (1, 1))],\n",
              "  [(-1, (3, 1)), (1, (1, 2))],\n",
              "  [(-1, (4, 0)), (1, (2, 1))]]]"
            ]
          },
          "execution_count": 130,
          "metadata": {},
          "output_type": "execute_result"
        }
      ],
      "source": [
        "L_list[1]"
      ]
    },
    {
      "cell_type": "code",
      "execution_count": null,
      "metadata": {
        "colab": {
          "base_uri": "https://localhost:8080/"
        },
        "id": "mreV7V4fGQJr",
        "outputId": "6a2a768b-04c4-4572-c541-d29c21333b55"
      },
      "outputs": [
        {
          "data": {
            "text/plain": [
              "[[[(1, (4, 0)), (1, (0, 4)), (-1, (0, 0))]]]"
            ]
          },
          "execution_count": 131,
          "metadata": {},
          "output_type": "execute_result"
        }
      ],
      "source": [
        "L_list[0]"
      ]
    },
    {
      "cell_type": "code",
      "execution_count": null,
      "metadata": {
        "colab": {
          "base_uri": "https://localhost:8080/"
        },
        "id": "sBZoJVdaPw6-",
        "outputId": "daf9242b-6346-4cb1-9ad2-07659bd483f0"
      },
      "outputs": [
        {
          "data": {
            "text/plain": [
              "[(0, 1),\n",
              " (0, 2),\n",
              " (0, 3),\n",
              " (0, 4),\n",
              " (0, 5),\n",
              " (0, 6),\n",
              " (1, 0),\n",
              " (1, 1),\n",
              " (1, 2),\n",
              " (1, 3),\n",
              " (1, 4),\n",
              " (1, 5),\n",
              " (2, 0),\n",
              " (2, 1),\n",
              " (2, 2),\n",
              " (2, 3),\n",
              " (2, 4),\n",
              " (3, 0),\n",
              " (3, 1),\n",
              " (3, 2),\n",
              " (3, 3),\n",
              " (4, 0),\n",
              " (4, 1),\n",
              " (4, 2),\n",
              " (5, 0),\n",
              " (5, 1),\n",
              " (6, 0)]"
            ]
          },
          "execution_count": 152,
          "metadata": {},
          "output_type": "execute_result"
        }
      ],
      "source": [
        "def get_var_list(L_list, target_a,M):\n",
        "  var_set=set()\n",
        "  for Li in L_list:\n",
        "    for i in range(len(Li)):\n",
        "      for j in range(len(Li)):\n",
        "        for el in Li[i][j]:\n",
        "          var_set.add(el[1])\n",
        "  for i in range(len(M)):\n",
        "    for j in range(len(M)):\n",
        "      var_set.add(M[i][j])\n",
        "  for el in target_a:\n",
        "    var_set.add(el[1])\n",
        "\n",
        "  var_set.remove((0,0))\n",
        "  return sorted(list(var_set))\n",
        "vars=get_var_list(L_list, target_a, M)\n",
        "vars"
      ]
    },
    {
      "cell_type": "code",
      "execution_count": null,
      "metadata": {
        "id": "kWbRoJ69nMZC"
      },
      "outputs": [],
      "source": [
        "def compute_poly(poly,vars,y):\n",
        "  out=None\n",
        "  for term in poly:\n",
        "    if out is None:\n",
        "      if term[1]==(0,0):\n",
        "        out =term[0]\n",
        "      else:\n",
        "        out =term[0]*y[vars.index(term[1])]\n",
        "    else:\n",
        "      if term[1]==(0,0):\n",
        "        out+=term[0]\n",
        "      else:\n",
        "        out+=term[0]*y[vars.index(term[1])]\n",
        "  return out\n",
        "\n",
        "def convert_M(M,vars,y):\n",
        "  M_var=[[None for _ in range(len(M))] for _ in range(len(M))]\n",
        "  for i in range(len(M)):\n",
        "    for j in range(len(M)):\n",
        "      if(M[i][j]==(0,0)):\n",
        "        M_var[i][j]=1.0\n",
        "      else:\n",
        "        M_var[i][j]=y[vars.index(M[i][j])]\n",
        "  M_var=cp.bmat(M_var)\n",
        "  return M_var\n",
        "\n",
        "def convert_L(L_list,vars,y):\n",
        "  L_list_var=[]\n",
        "  for Li in L_list:\n",
        "    L_var=[[None for _ in range(len(Li))] for _ in range(len(Li))]\n",
        "    for i in range(len(Li)):\n",
        "      for j in range(len(Li)):\n",
        "        poly=Li[i][j]\n",
        "        L_var[i][j]=compute_poly(poly,vars,y)\n",
        "    L_var=cp.bmat(L_var)\n",
        "    L_list_var.append(L_var)\n",
        "  return L_list_var\n"
      ]
    },
    {
      "cell_type": "code",
      "execution_count": null,
      "metadata": {
        "id": "4Va98Oz0cx_g"
      },
      "outputs": [],
      "source": [
        "y = cp.Variable((len(vars),))"
      ]
    },
    {
      "cell_type": "code",
      "execution_count": null,
      "metadata": {
        "id": "WgGfXJWUm-Q5"
      },
      "outputs": [],
      "source": [
        "n=2\n",
        "d=2\n",
        "\n",
        "target_a=[(1,(0,1))]\n",
        "constraint_f1=[(1,(4,0)),(1,(0,4)),(-1,(0,0))]\n",
        "constraint_f2=[(-1,(2,0)),(1, (0,1))]\n",
        "f=[constraint_f1,constraint_f2]\n",
        "\n",
        "u=get_u(n,d)\n",
        "M=get_M(u)\n",
        "r=max([get_ri(cf) for cf in f])\n",
        "L_list = get_L(n,f,r)\n",
        "vars=get_var_list(L_list, target_a, M)\n",
        "y = cp.Variable((len(vars),))\n",
        "M_var=convert_M(M,vars,y)\n",
        "L_list_var=convert_L(L_list,vars,y)\n"
      ]
    },
    {
      "cell_type": "code",
      "execution_count": null,
      "metadata": {
        "colab": {
          "base_uri": "https://localhost:8080/"
        },
        "id": "JwrmaFeELCZG",
        "outputId": "1bcb3f13-d0de-4f08-f943-e775e2750185"
      },
      "outputs": [
        {
          "data": {
            "text/plain": [
              "3.993599004687994e-06"
            ]
          },
          "execution_count": 174,
          "metadata": {},
          "output_type": "execute_result"
        }
      ],
      "source": [
        "solver=\"cvxopt\"\n",
        "tolerance = 1e-08\n",
        "\n",
        "target=compute_poly(target_a,vars,y)\n",
        "constraint  = [\n",
        "  cvxpy.constraints.psd.PSD(M_var),\n",
        "  cvxpy.constraints.psd.PSD(L_list_var[0]),\n",
        "  cvxpy.constraints.psd.PSD(L_list_var[1]),\n",
        "  ]\n",
        "# sdp object\n",
        "prob = cp.Problem(cp.Minimize(target), constraint)\n",
        "prob.solver = solver\n",
        "prob.eps = tolerance\n",
        "# solve\n",
        "prob.solve()"
      ]
    },
    {
      "cell_type": "code",
      "execution_count": null,
      "metadata": {
        "colab": {
          "base_uri": "https://localhost:8080/"
        },
        "id": "OBWSZ-ZiO3da",
        "outputId": "f1d83d5f-23be-4720-8683-c5a0f580bc56"
      },
      "outputs": [
        {
          "name": "stdout",
          "output_type": "stream",
          "text": [
            "7\n"
          ]
        }
      ],
      "source": [
        "n=2\n",
        "d=2\n",
        "\n",
        "target_a=[(1,(0,1))]\n",
        "constraint_f1=[(1,(4,0)),(1,(0,4)),(-1,(0,0))]\n",
        "constraint_f2=[(-1,(2,0)),(1, (0,1))]\n",
        "f=[constraint_f1,constraint_f2]\n",
        "\n",
        "r=max([get_ri(cf) for cf in f])+5\n",
        "print(r)\n",
        "u=get_u(n,r)\n",
        "M=get_M(u)\n",
        "L_list = get_L(n,f,r)\n",
        "vars=get_var_list(L_list, target_a, M)\n",
        "y = cp.Variable((len(vars),))\n",
        "M_var=convert_M(M,vars,y)\n",
        "L_list_var=convert_L(L_list,vars,y)\n"
      ]
    },
    {
      "cell_type": "code",
      "execution_count": null,
      "metadata": {
        "colab": {
          "base_uri": "https://localhost:8080/"
        },
        "id": "9iTCUbG-SD4K",
        "outputId": "04d04db5-d769-482e-de2e-800c6bf6e174"
      },
      "outputs": [
        {
          "data": {
            "text/plain": [
              "0.7861543708464376"
            ]
          },
          "execution_count": 191,
          "metadata": {},
          "output_type": "execute_result"
        }
      ],
      "source": [
        "solver=\"cvxopt\"\n",
        "tolerance = 1e-08\n",
        "\n",
        "target=compute_poly(target_a,vars,y)\n",
        "constraint  = [\n",
        "  cvxpy.constraints.psd.PSD(M_var),\n",
        "  cvxpy.constraints.psd.PSD(L_list_var[0]),\n",
        "  cvxpy.constraints.psd.PSD(L_list_var[1]),\n",
        "  ]\n",
        "# sdp object\n",
        "prob = cp.Problem(cp.Minimize(target), constraint)\n",
        "prob.solver = solver\n",
        "prob.eps = tolerance\n",
        "# solve\n",
        "prob.solve()"
      ]
    },
    {
      "cell_type": "code",
      "execution_count": null,
      "metadata": {
        "colab": {
          "base_uri": "https://localhost:8080/"
        },
        "id": "UcmwUyonSFtp",
        "outputId": "cfbddef1-6a24-4374-be97-1f7bca7895ad"
      },
      "outputs": [
        {
          "data": {
            "text/plain": [
              "Solution(optimal, {24666: array([ 4.52755858e-06,  4.48191686e-04,  3.29549926e-02,  8.47653193e+00,\n",
              "        8.97066458e-01, -8.13486892e+00, -6.80042325e-01,  1.67381301e+01,\n",
              "        1.68544200e+00, -2.47561938e+01, -2.20555416e+00,  4.17722336e+01,\n",
              "        4.53268012e+00, -6.41249276e+01, -4.67773720e-18, -6.37332024e-17,\n",
              "       -4.78360797e-17,  6.42249351e-17, -3.09242573e-16, -8.11446086e-15,\n",
              "       -9.82009617e-19,  9.12373244e-15,  7.91063109e-16, -1.60624798e-14,\n",
              "        1.09076479e-15,  2.78893051e-14,  3.67357645e-15, -4.30034374e-14,\n",
              "        6.90606077e-07,  4.77696087e-04,  3.28978132e-02,  8.47640883e+00,\n",
              "        8.96831114e-01, -8.13537229e+00, -6.81090944e-01,  1.67356689e+01,\n",
              "        1.67937974e+00, -2.47715621e+01, -2.24619914e+00,  4.16583457e+01,\n",
              "        4.15956877e+00,  3.41397809e-17,  7.10665419e-17,  1.34376566e-16,\n",
              "       -2.24787894e-16, -8.12499202e-15, -1.25116630e-17,  9.11020606e-15,\n",
              "        7.61223757e-16, -1.59710829e-14,  1.21472702e-15,  2.84100996e-14,\n",
              "        5.46943940e-15,  5.23162435e-04,  3.29056871e-02,  8.47640607e+00,\n",
              "        8.96823799e-01, -8.13539500e+00, -6.81160703e-01,  1.67354794e+01,\n",
              "        1.67884395e+00, -2.47730945e+01, -2.25062294e+00,  4.16451631e+01,\n",
              "        2.41471526e-16,  1.47692219e-16, -2.61438205e-16, -8.10813605e-15,\n",
              "       -6.72154063e-17,  9.04710929e-15,  7.10275131e-16, -1.59898686e-14,\n",
              "        1.19590704e-15,  2.85269662e-14,  3.29105757e-02,  8.47640254e+00,\n",
              "        8.96819041e-01, -8.13540464e+00, -6.81192645e-01,  1.67354071e+01,\n",
              "        1.67864560e+00, -2.47736459e+01, -2.25222599e+00,  1.32658097e-16,\n",
              "       -3.09623322e-16, -8.11880714e-15, -1.04106145e-16,  9.04033362e-15,\n",
              "        6.78353335e-16, -1.60073748e-14,  1.13153467e-15,  8.47640018e+00,\n",
              "        8.96814140e-01, -8.13540946e+00, -6.81205773e-01,  1.67353714e+01,\n",
              "        1.67855195e+00, -2.47739116e+01, -3.91858002e-16, -8.16726679e-15,\n",
              "       -8.65440360e-17,  9.02243486e-15,  6.66304232e-16, -1.60844807e-14,\n",
              "        8.96806815e-01, -8.13540652e+00, -6.81212132e-01,  1.67353511e+01,\n",
              "        1.67849598e+00, -8.21798977e-15, -1.09913662e-16,  9.01782337e-15,\n",
              "        5.98431718e-16, -8.13540702e+00, -6.81219809e-01,  1.67353373e+01,\n",
              "       -2.47448012e-16,  9.03906522e-15, -6.81234795e-01])}, {33469: array([[ 4.03981576e-12, -1.15051085e-06,  1.38032445e-09,\n",
              "         4.87431031e-20, -7.96901539e-22,  7.96915308e-07],\n",
              "       [-1.15051085e-06,  3.27651662e-01, -3.93099832e-04,\n",
              "         8.17775567e-19,  1.20820551e-17, -2.26951901e-01],\n",
              "       [ 1.38032445e-09, -3.93099832e-04,  4.71621224e-07,\n",
              "         4.16876920e-18, -7.91216546e-20,  2.72285370e-04],\n",
              "       [ 4.87431031e-20,  8.17775567e-19,  4.16876920e-18,\n",
              "         1.00000071e+00, -1.54744084e-02, -3.33065604e-18],\n",
              "       [-7.96901539e-22,  1.20820551e-17, -7.91216546e-20,\n",
              "        -1.54744084e-02,  2.39457147e-04, -8.45452321e-18],\n",
              "       [ 7.96915308e-07, -2.26951901e-01,  2.72285370e-04,\n",
              "        -3.33065604e-18, -8.45452321e-18,  1.57200989e-01]]), 33471: array([[ 1.40343922e-08, -4.23291102e-05,  8.58242503e-06,\n",
              "         2.63487596e-06,  4.52494799e-07, -1.11286766e-07,\n",
              "        -1.05750156e-19,  6.87662718e-19, -7.67604026e-19,\n",
              "         2.47136000e-19, -9.83693344e-20,  4.17949992e-05,\n",
              "        -3.14754822e-06, -2.33178570e-06,  4.78769962e-07,\n",
              "        -6.99542684e-19,  3.99718574e-19, -1.45740744e-19,\n",
              "        -3.19806005e-06, -2.88827698e-06, -4.18756251e-20],\n",
              "       [-4.23291102e-05,  1.30310094e-01, -2.31501618e-02,\n",
              "        -1.21298497e-02, -1.43454898e-04,  2.69879475e-04,\n",
              "        -1.81434375e-18, -1.69484629e-17, -3.58433214e-18,\n",
              "        -2.92516723e-17, -7.70759329e-18, -1.28720748e-01,\n",
              "         7.69875983e-03,  9.67088710e-03, -2.29363453e-03,\n",
              "         8.53451250e-19,  1.83031332e-17, -4.34390801e-18,\n",
              "         8.92833074e-03,  9.73256515e-03, -4.20634631e-20],\n",
              "       [ 8.58242503e-06, -2.31501618e-02,  8.45574829e-03,\n",
              "        -3.10232340e-03,  1.63916982e-03, -1.41028757e-04,\n",
              "        -8.71659928e-18, -6.11705517e-18,  7.21653844e-18,\n",
              "         3.01841548e-18,  7.54443586e-20,  2.28160656e-02,\n",
              "        -2.87736085e-03,  1.94667764e-03, -8.16724378e-04,\n",
              "        -2.20522819e-18, -2.92936173e-18, -5.03570792e-18,\n",
              "        -4.12003405e-03, -6.89333915e-04, -5.36860929e-18],\n",
              "       [ 2.63487596e-06, -1.21298497e-02, -3.10232340e-03,\n",
              "         7.64024088e-03, -2.01334400e-03,  9.26310577e-05,\n",
              "        -3.37343157e-19,  1.62282008e-17, -9.41948974e-19,\n",
              "        -2.47891811e-18,  1.40848238e-18,  1.20517785e-02,\n",
              "         2.36072172e-03, -5.58484586e-03,  1.69459253e-03,\n",
              "        -6.30315658e-18, -5.26880441e-18,  1.19894188e-17,\n",
              "         9.20378909e-04, -1.92964196e-03, -6.27449438e-19],\n",
              "       [ 4.52494799e-07, -1.43454898e-04,  1.63916982e-03,\n",
              "        -2.01334400e-03,  6.36367994e-04, -3.74239168e-05,\n",
              "        -3.90175566e-18, -3.98470250e-18, -3.97245029e-18,\n",
              "         3.66053209e-18,  4.46824283e-19,  1.18572798e-04,\n",
              "        -1.20010301e-03,  1.46625291e-03, -4.49573336e-04,\n",
              "        -4.00534670e-19,  1.31442860e-18, -4.00333113e-18,\n",
              "        -2.85224419e-04,  2.62141362e-04,  1.08568534e-19],\n",
              "       [-1.11286766e-07,  2.69879475e-04, -1.41028757e-04,\n",
              "         9.26310577e-05, -3.74239168e-05,  2.73050594e-06,\n",
              "        -2.24281968e-18, -1.59102749e-18, -1.35943879e-20,\n",
              "        -1.49919312e-18, -1.10068315e-18, -2.65193280e-04,\n",
              "         9.23608989e-05, -6.60649408e-05,  2.11781008e-05,\n",
              "        -9.68672330e-19, -1.46979386e-18, -6.66936542e-19,\n",
              "         2.61613743e-05,  5.54767277e-06, -7.22905097e-19],\n",
              "       [-1.05750156e-19, -1.81434375e-18, -8.71659928e-18,\n",
              "        -3.37343157e-19, -3.90175566e-18, -2.24281968e-18,\n",
              "         1.29434367e-06, -1.78545448e-05,  7.52194501e-05,\n",
              "        -4.29713596e-05,  6.10485858e-06, -1.12844496e-18,\n",
              "        -7.81290729e-18, -2.14601630e-18, -1.63633174e-18,\n",
              "         4.90582382e-06, -5.23059142e-05,  1.83001895e-05,\n",
              "         1.53747624e-17,  5.13575333e-18,  7.95573902e-06],\n",
              "       [ 6.87662718e-19, -1.69484629e-17, -6.11705517e-18,\n",
              "         1.62282008e-17, -3.98470250e-18, -1.59102749e-18,\n",
              "        -1.78545448e-05,  8.45614032e-03, -1.52717502e-03,\n",
              "        -5.68602679e-04, -1.37894825e-05,  9.52334854e-18,\n",
              "        -9.74454253e-18, -6.20274423e-19, -3.94723172e-18,\n",
              "        -8.29343449e-03,  2.06004230e-03,  7.53619243e-04,\n",
              "         1.00655074e-17, -1.76275688e-18, -8.64958087e-04],\n",
              "       [-7.67604026e-19, -3.58433214e-18,  7.21653844e-18,\n",
              "        -9.41948974e-19, -3.97245029e-18, -1.35943879e-20,\n",
              "         7.52194501e-05, -1.52717502e-03,  4.59497593e-03,\n",
              "        -2.53383934e-03,  3.35983747e-04,  2.64384574e-18,\n",
              "        -1.53101611e-17, -1.71483183e-18,  1.39288256e-18,\n",
              "         7.74969988e-04, -2.41496161e-03,  1.13293148e-03,\n",
              "         7.58647593e-18,  4.82706832e-18, -3.98507282e-04],\n",
              "       [ 2.47136000e-19, -2.92516723e-17,  3.01841548e-18,\n",
              "        -2.47891811e-18,  3.66053209e-18, -1.49919312e-18,\n",
              "        -4.29713596e-05, -5.68602679e-04, -2.53383934e-03,\n",
              "         1.64852682e-03, -2.04695362e-04,  2.89116667e-17,\n",
              "        -7.23506519e-18, -6.78507580e-19, -2.43780495e-18,\n",
              "         1.00109777e-03,  1.16367235e-03, -8.20320636e-04,\n",
              "         6.62615454e-18, -1.80849438e-18,  3.35791496e-04],\n",
              "       [-9.83693344e-20, -7.70759329e-18,  7.54443586e-20,\n",
              "         1.40848238e-18,  4.46824283e-19, -1.10068315e-18,\n",
              "         6.10485858e-06, -1.37894825e-05,  3.35983747e-04,\n",
              "        -2.04695362e-04,  3.04932458e-05,  6.31131828e-18,\n",
              "        -6.51168403e-19, -2.11776071e-18, -1.45771814e-18,\n",
              "        -4.73715685e-05, -2.88095048e-04,  8.52311617e-05,\n",
              "         3.82455540e-19,  1.54965542e-18,  9.90255687e-05],\n",
              "       [ 4.17949992e-05, -1.28720748e-01,  2.28160656e-02,\n",
              "         1.20517785e-02,  1.18572798e-04, -2.65193280e-04,\n",
              "        -1.12844496e-18,  9.52334854e-18,  2.64384574e-18,\n",
              "         2.89116667e-17,  6.31131828e-18,  1.27152574e-01,\n",
              "        -7.50340669e-03, -9.58589375e-03,  2.27384454e-03,\n",
              "         3.85584733e-18, -2.03154141e-17,  2.80111886e-18,\n",
              "        -8.88288148e-03, -9.62419913e-03, -5.82075471e-19],\n",
              "       [-3.14754822e-06,  7.69875983e-03, -2.87736085e-03,\n",
              "         2.36072172e-03, -1.20010301e-03,  9.23608989e-05,\n",
              "        -7.81290729e-18, -9.74454253e-18, -1.53101611e-17,\n",
              "        -7.23506519e-18, -6.51168403e-19, -7.50340669e-03,\n",
              "         1.21868561e-02, -2.19205920e-03,  1.11177183e-04,\n",
              "         4.92248783e-18,  3.97784136e-19,  1.13612917e-17,\n",
              "        -1.05455699e-02,  1.95078127e-03,  4.40124880e-18],\n",
              "       [-2.33178570e-06,  9.67088710e-03,  1.94667764e-03,\n",
              "        -5.58484586e-03,  1.46625291e-03, -6.60649408e-05,\n",
              "        -2.14601630e-18, -6.20274423e-19, -1.71483183e-18,\n",
              "        -6.78507580e-19, -2.11776071e-18, -9.58589375e-03,\n",
              "        -2.19205920e-03,  4.87446633e-03, -1.38091624e-03,\n",
              "         2.77413670e-18, -1.39114337e-17, -1.92962416e-18,\n",
              "        -6.98411529e-05,  9.35879738e-04,  2.85250310e-18],\n",
              "       [ 4.78769962e-07, -2.29363453e-03, -8.16724378e-04,\n",
              "         1.69459253e-03, -4.49573336e-04,  2.11781008e-05,\n",
              "        -1.63633174e-18, -3.94723172e-18,  1.39288256e-18,\n",
              "        -2.43780495e-18, -1.45771814e-18,  2.27384454e-03,\n",
              "         1.11177183e-04, -1.38091624e-03,  4.35143521e-04,\n",
              "        -2.14294228e-19, -3.56157467e-19, -1.00903572e-18,\n",
              "         7.90423338e-04, -3.91443968e-04, -1.09382386e-18],\n",
              "       [-6.99542684e-19,  8.53451250e-19, -2.20522819e-18,\n",
              "        -6.30315658e-18, -4.00534670e-19, -9.68672330e-19,\n",
              "         4.90582382e-06, -8.29343449e-03,  7.74969988e-04,\n",
              "         1.00109777e-03, -4.73715685e-05,  3.85584733e-18,\n",
              "         4.92248783e-18,  2.77413670e-18, -2.14294228e-19,\n",
              "         8.26030176e-03, -1.54172727e-03, -9.39079955e-04,\n",
              "        -1.14773200e-18, -1.70817709e-18,  7.89870583e-04],\n",
              "       [ 3.99718574e-19,  1.83031332e-17, -2.92936173e-18,\n",
              "        -5.26880441e-18,  1.31442860e-18, -1.46979386e-18,\n",
              "        -5.23059142e-05,  2.06004230e-03, -2.41496161e-03,\n",
              "         1.16367235e-03, -2.88095048e-04, -2.03154141e-17,\n",
              "         3.97784136e-19, -1.39114337e-17, -3.56157467e-19,\n",
              "        -1.54172727e-03,  4.88445974e-03, -1.06611262e-04,\n",
              "         6.06729437e-19,  1.84141060e-17, -3.72645879e-03],\n",
              "       [-1.45740744e-19, -4.34390801e-18, -5.03570792e-18,\n",
              "         1.19894188e-17, -4.00333113e-18, -6.66936542e-19,\n",
              "         1.83001895e-05,  7.53619243e-04,  1.13293148e-03,\n",
              "        -8.20320636e-04,  8.52311617e-05,  2.80111886e-18,\n",
              "         1.13612917e-17, -1.92962416e-18, -1.00903572e-18,\n",
              "        -9.39079955e-04, -1.06611262e-04,  4.68160206e-04,\n",
              "        -1.06081693e-17, -1.32967700e-18, -5.82938500e-04],\n",
              "       [-3.19806005e-06,  8.92833074e-03, -4.12003405e-03,\n",
              "         9.20378909e-04, -2.85224419e-04,  2.61613743e-05,\n",
              "         1.53747624e-17,  1.00655074e-17,  7.58647593e-18,\n",
              "         6.62615454e-18,  3.82455540e-19, -8.88288148e-03,\n",
              "        -1.05455699e-02, -6.98411529e-05,  7.90423338e-04,\n",
              "        -1.14773200e-18,  6.06729437e-19, -1.06081693e-17,\n",
              "         1.48789307e-02, -1.70119854e-03,  3.93260030e-18],\n",
              "       [-2.88827698e-06,  9.73256515e-03, -6.89333915e-04,\n",
              "        -1.92964196e-03,  2.62141362e-04,  5.54767277e-06,\n",
              "         5.13575333e-18, -1.76275688e-18,  4.82706832e-18,\n",
              "        -1.80849438e-18,  1.54965542e-18, -9.62419913e-03,\n",
              "         1.95078127e-03,  9.35879738e-04, -3.91443968e-04,\n",
              "        -1.70817709e-18,  1.84141060e-17, -1.32967700e-18,\n",
              "        -1.70119854e-03,  1.46133961e-03, -5.40403531e-18],\n",
              "       [-4.18756251e-20, -4.20634631e-20, -5.36860929e-18,\n",
              "        -6.27449438e-19,  1.08568534e-19, -7.22905097e-19,\n",
              "         7.95573902e-06, -8.64958087e-04, -3.98507282e-04,\n",
              "         3.35791496e-04,  9.90255687e-05, -5.82075471e-19,\n",
              "         4.40124880e-18,  2.85250310e-18, -1.09382386e-18,\n",
              "         7.89870583e-04, -3.72645879e-03, -5.82938500e-04,\n",
              "         3.93260030e-18, -5.40403531e-18,  4.33794292e-03]]), 33473: array([[ 9.99917555e-01, -9.86621874e-02, -5.13111747e-02,\n",
              "        -2.60816401e-02, -1.31938920e-03, -2.67159346e-02,\n",
              "         7.74740861e-03,  5.52136716e-18,  2.40724892e-18,\n",
              "        -3.95954039e-18, -2.47522048e-17, -4.53667494e-17,\n",
              "        -1.56710163e-17, -1.34699140e-02, -3.85759121e-03,\n",
              "        -3.07896516e-03,  3.00679638e-05,  1.20019581e-02,\n",
              "         1.85983983e-18, -5.71854931e-22, -6.53776029e-19,\n",
              "         3.52301303e-18,  1.27931769e-02, -2.31362755e-02,\n",
              "        -2.67173568e-03, -1.65670784e-18, -4.40804336e-18,\n",
              "        -2.18896428e-03],\n",
              "       [-9.86621874e-02,  5.71127082e-02,  1.81800899e-02,\n",
              "        -2.13578025e-02, -1.08642453e-02,  9.96328381e-03,\n",
              "        -1.32614941e-03,  7.25284138e-18,  7.33854312e-18,\n",
              "         1.93156517e-18,  1.95002775e-18, -1.45604783e-17,\n",
              "         1.24437806e-17,  5.14287435e-03,  1.80136720e-04,\n",
              "        -2.14356745e-04,  4.05498699e-03, -2.98331827e-03,\n",
              "         6.33626540e-18,  1.54982540e-18,  6.75688000e-18,\n",
              "         2.57792839e-18, -1.14040446e-02,  9.10303110e-03,\n",
              "        -3.81214220e-04, -1.36957826e-17, -8.82311689e-18,\n",
              "        -4.34180692e-03],\n",
              "       [-5.13111747e-02,  1.81800899e-02,  3.89472092e-02,\n",
              "        -2.18543232e-02, -1.41122611e-02,  9.52825242e-03,\n",
              "        -1.02749385e-03,  8.46987303e-18,  2.11599512e-18,\n",
              "         1.13754392e-17, -6.52368209e-20,  1.29583299e-18,\n",
              "         9.39602367e-18, -2.47853697e-03, -1.43163538e-03,\n",
              "         7.19388992e-03,  1.44999144e-03, -3.36179318e-03,\n",
              "         2.10890611e-18,  1.21998175e-17,  3.74202316e-18,\n",
              "        -1.34776370e-17, -2.20757212e-03,  9.88035121e-04,\n",
              "         5.14170267e-03, -2.61440491e-18,  1.12520241e-17,\n",
              "        -2.89554266e-03],\n",
              "       [-2.60816401e-02, -2.13578025e-02, -2.18543232e-02,\n",
              "         3.47895888e-02,  1.10477986e-04, -3.71344637e-03,\n",
              "         2.31236292e-04, -8.65222888e-21,  8.93605676e-18,\n",
              "        -3.64588752e-18, -5.39738967e-18, -5.26147642e-19,\n",
              "        -1.25387377e-18, -3.31640499e-04,  6.90422821e-03,\n",
              "         7.28770592e-04, -1.78409958e-03,  1.47156455e-03,\n",
              "        -2.79464196e-18,  5.43884344e-18,  5.41496345e-18,\n",
              "         9.42461453e-18, -5.73388591e-04, -2.29856393e-03,\n",
              "        -3.74330941e-03,  1.30153065e-18, -5.51226114e-18,\n",
              "         1.78255856e-03],\n",
              "       [-1.31938920e-03, -1.08642453e-02, -1.41122611e-02,\n",
              "         1.10477986e-04,  1.58990028e-02, -5.96046296e-03,\n",
              "         3.78746576e-04,  2.45133371e-17,  7.97837289e-18,\n",
              "         9.94646248e-19,  1.62516023e-17,  1.66621008e-18,\n",
              "        -8.00029970e-18,  3.86649575e-03, -2.46945863e-03,\n",
              "        -5.18986497e-03, -1.62889507e-03,  1.44981478e-03,\n",
              "        -1.64426514e-17, -7.15495286e-18, -2.87180783e-18,\n",
              "        -3.13001889e-18,  7.07700590e-03, -1.22001813e-03,\n",
              "        -9.12963444e-04,  4.32065231e-18,  1.05375476e-18,\n",
              "         2.38752281e-03],\n",
              "       [-2.67159346e-02,  9.96328381e-03,  9.52825242e-03,\n",
              "        -3.71344637e-03, -5.96046296e-03,  3.55089485e-03,\n",
              "        -4.11008346e-04,  1.94680305e-17,  3.71578608e-18,\n",
              "         4.73979642e-18,  1.83883648e-18,  8.86895974e-18,\n",
              "         2.42778645e-19, -1.33838558e-03, -1.45407871e-04,\n",
              "         1.84360824e-03,  8.47584381e-04, -1.08912654e-03,\n",
              "        -1.03864582e-17, -1.40213291e-17, -1.31368227e-17,\n",
              "         1.67108582e-18, -3.21024021e-03,  1.61223102e-03,\n",
              "         9.52320061e-04,  7.06301914e-18, -3.37528033e-18,\n",
              "        -9.72825493e-04],\n",
              "       [ 7.74740861e-03, -1.32614941e-03, -1.02749385e-03,\n",
              "         2.31236292e-04,  3.78746576e-04, -4.11008346e-04,\n",
              "         7.53471628e-05, -4.08599764e-18,  1.40947626e-18,\n",
              "        -6.36565415e-20, -1.50277177e-18, -2.62382645e-18,\n",
              "         3.83610194e-19,  3.46473118e-05,  6.17258219e-05,\n",
              "        -1.31517119e-04, -5.40058502e-05,  1.45108337e-04,\n",
              "        -3.98315677e-18,  4.62477893e-18,  4.17895055e-18,\n",
              "        -8.72284488e-19,  3.07358392e-04, -2.62506651e-04,\n",
              "        -9.34001118e-05, -1.38825792e-18,  1.05785447e-18,\n",
              "         4.09745959e-05],\n",
              "       [ 5.52136716e-18,  7.25284138e-18,  8.46987303e-18,\n",
              "        -8.65222888e-21,  2.45133371e-17,  1.94680305e-17,\n",
